9 10 28 34 37 45 51 53 54 56 57 66 68 74 76
97
91
100
11 12
75
77
13
18
16
79 89
79 89
89
10 74
36
40 43
14
26
34 84
48 49
66
28 31
29
22 28 29 31
36
84
79
14 19 29 35 47 54 55 73
19 29 35
14
54 55 73
74
54 89
18 40 43 79
44
79
78
20 31
32
97
68
25 45
24
79
47
79
10 25 76
17 89
17
10 38
40 42
60 64
30
67
79
18 75
18 75 100
84
67
57 58 61 62
68
68
68
15
84 86 87 89 95 97
9
26
49 50
48 49 50
48
54 56
32
49 50
19 29 35
71
30
40 43 45 58 62
23
50
49
14 16
11 12
37
84
2
96
66
22
96
25
23
33
28
3
2 18 25 28 39 41 44 66
2 28
26 49 50
47
49 50
27 49 50
22 34 35 51 69 94
37
11 12
2 18 25 37 39 41 44 47 51 66 68 69 76 80
37
59 63
15 17 24 26 31 37 49 50 76
28
12
53 59 60 63 64 94
45
22 51 94
78 94
45
68
54 56
69
6 24 37 84 86 87
66
47 61 65
9 10
9
11 12
61 65
49 50
2 25 47 69 76 80
71
2
2 11 12 22 25 45 47 49 50 61 65 69 71 76 77 80
45
31
78
18 27
24
44
40 43
25
31
45
36 76 88
76
36
8 71 73
37
59 63
28
86 88 95
8 23 30 48
39 41
8 21 23 28 30 36 37 39 41 45 48 59 63 68 70 71 72 73 76 77 86 88 94 95
94
77
19 21 33
57 58 61 62
23
22
70
36
47
65
7 8
79
22 33
67
51
69
57 58 61 62
68
61 65
11 12
49 50
23 46
2 10 12 13 22 26 27 36 40 43 54 55 71 73 76 80
25
10 27 40 43 71 76
10 18 23 69
40 43
51
45 88
13
27 71
47 57 88
12
69 72
9
6 59 63
1 30
2 10 12 13 22 26 27 36 40 43 54 55 71 73 76 80
45 54
1 21 40 42 56 76 77
27 40 43
21 27
26
46
31
36
60 64
7 8 14 16 46 60 64
71
22
3 15 20 57 58 62 72
49
73
20 68
47
30 49 50 51
76
13 71
25
1 25 30 54 55 56 61 65 67 73 78
67
30
15 24 44 48 49 50 56 78
54 55 56
61 65
1
23 44 46 89
44
10
26
80
76 80
6 7
34 57
57
2
69
47
48
74
69
14 22 31 32 33
22 33
47 57 88
97
6 7 94 97
10 54 56
60 64
47 69 78
24
16
6 52
48
15
74
40 43
7 8 14 15 16 18 25 26 46 48 57 60 64 73
38
18
83
67
45
44
10
15 18 25 26 33 73 75 80
33
15 18 25 26 73
75
68
26
9 13 15 38 39 42 56 75 82
67
34
57
17
68
38
20
18 28 38 49 57
2 70 71
70 71
70
3 8 9 12 15 17 26 45 60 64 71 77
1 27 36
1 22 28 34 38 47 84
73
10
3 10 14 15 16 30 33 38 51 55 56 57 59 63 68 73 84 93
10
22 47
14 16
46
7 8 18 19 23 25 26 44 45 48 49 50 53 60 64 75 77 94
2 10 16 22 33 44 56 57 69 75 86 87 95
16 56
22
69
2
86 87 95
57
75
2 10 16 22 33 44 56 57 69 75 86 87 95
15 19 29 34 35 68
48
45
1 2 3
1 84
9 56
76
7 8
9 10 11
76
56
35
6
38 56
77
47
56
73
23
46
7 8 49 50
1
24
15 45 67
67
45
56
47
51
27
14 16 30
66
2
45
36
1 2 3
49 50
47
15 30 37 50 57 58 61 62 86
14 16
50
75
11 12 56
59 63 93
49
20
65
68
73
22 31 47
22 47
27
67
66
58 62
44
45 77
4
13
26
55
44
30
86
72
23
10 68
80
70
84
3
4
3
34
34
22
69
9
15
51 68 70 72
47
14 16
22
9
51
31
3
82 86 88
45
69
22 28 77 78
33 56
6 7 8 11 12 33 45 56 67
67
45
6 7 8
29 71
73 87
87
14 16
33
19 29 35
82
45
1
11 12
15
69
36 39 42
51
3
49 50
33
40 43
30
30 87
50
15
15 67
59 63
59 63 89
19 23
18 30 40 42 45 56 77
17
15 54
69
94
87
20
28
2 5 22 74
52
12 18 36 51 53 60 64 86 87 95
57
28
18
51
40 42 67
15
12 18
67
37
44
78
14 16 22 47 56
23
66
3 19 29 35
34
6 60 64
69
60 64 72
72
69
65
20 24 65
28
17
36
50
53
3 30 53 54 55 57 58 61 62 69 73
14 22 26 30 36 52 69
35
57
17
13
19 20 48 49 50 70
44
38 60 64
67
67
28 60 64
60 64
68
52
14 16 20 23 33
10 34 45 68
66
4
9
68
1 22 45 58 62 69 80
25 72 73 87
72 73
23
5 72
26 33 48 49 50 87
49
26 49 50
50
87
33 87
74
10 34 45 68
17
13
10
3 7 8
15
53
22 59 63
44 51
51
27
65
38 56
14 16 23 33 58 62 66 93
58 62
66
1 6 7 9 14 16 22 23 26 33 48 65 67 78 82 86 88 93
76
69
66
53
77
22
71
48
66
13 15
15
15 67
15
69
16
47 80
23
2
65
33
22
2 16 22 23 33 47 65 69 84
67
6 7
57 58 61 62
44
15
10 15 18 35 36 47 53 59 63 69 82 86 88 97
69
69
35 36
10
53 69
59 63
47
97
15
82 86 88
15
56
1
22
1
22 24
71
22
52 76
25
26
54 55 56
2
34 58 62
26
9 13 22 26 33 59 63 69 87
6 7
8
57 58 61 62
57 58 61 62
6 7
57
26
9
59 63
10
78
6 7 30 36 47 73 75 76 97
65
59 63
28
1
87
39 42
10 48 50 68
7 8 18 19 23 25 26 44 45 48 49 50 53 60 64 75 77 94
40 42
59 63
58 59 62 63
80
46
1
54 55 60 64 80
26 60 64 77
33 47
14 23
1
22
69
94
22
22
1 14 22 23 26 33 47 59 60 63 64 69 94
6
14 16 66
68
50
69
51
25
31
3 37 77
37
76
1 3 24
3
44
51 54
93
3 37 77
13
14
35
88
70
26
37
87
67
12
44
15
12 15 44 67 87
21
27
75
26
68
66
44 51 75 76
67
33
66
20 93
20 33 38 44 51 66 75 93
51
51
20 66 75 93
44
11 12
68
9 16 56
9 14 16 29 45 56 68 74 76
74
34
49 50
1 2 3
56
84
32 49 50 76 96
71
32
24
84
76
23
6 7
51
74
29 75
7 8
1
31
24
6
21
6
38 97
75
52
9 15 25
72
22 74 80
36
21
66
13 21 22 27 36 66 72 74 80
13 36
57 58 61 62
2 3 11 12 18 22 34 45 48 51 53 66 70
68
67
50 78
69
22 44 74 80
60 64
20 76
32
73
48 76 79
48
2 19 20 32 41 43 44 48 59 60 63 64 69 73 76 79
19
59 63
19 21
25 33 86 88 95
16
17 52 56
17 68
17
35 47
76
75
14 16 69
17
28
4
56
46
84
66
40 42
9 17 19 24 27 30 31 33 36 38 40 42 43 49 50 51 53 66 67 86 89
19
9 19
66
24
49 50
38
2 18 21 31 33 44 57 67 84
33
30
33 40 43 89
86
4 9 25 27 49 53 57 58 61 62 66 69 71
53
39 41 73
84
44
79 82 86 87 88
9
27
26 50
22 60 64
14 16 60 64 67
67
22
35
38
2 3 11 12 18 22 34 45 48 51 53 66 70
6 7 58 62 66
72
6 7 9 19 22 27 35 36 38 45 58 59 62 63 66 67 72 84
59 63
27
66
19 84
33 67
66
45
4 26 44 45 72
26
45
49 50
75 80
23
26 27 50
69
60 64
3 73 80
26
12 34
65
10 44
29 37
16
13 16 29 37 39 42 75
13 31
16 70 76
40 43
40 42
87
46 61 65
54
3
34
3
49 50
30 32
22
22
33
14 16 33
23 53
19 29 35
47
58 62
86 87 95
54 55
59 63
59 63 69
22
6
61 65
70
54
36
68 72
12
25
19 29 35
1 71 75
70
76
77
71
70
33
88
1 12 13 15 52 71
1
71
71
50
70
22 34 36 56
100
78
14 16
57
67
66
40 42
37
31
51 79
67
40 43 52 53 56
1 41 43 80
79
65
35 36
90
8 13 35 36
6
13 21 26 76 79
2 3 66
60 64
51
40 43
40 43
14 37 88
41 43 80
26
6
38
3
44
79
23 26 37 51 56 70 79 82 86 88 90
68
40 43
8 71
40 43 52
37 79 82 86 88
30
28
23 51 56 70
28
25
18
20
87
70
21 26
6 7 8
57 58 61 62 72
72
15 38 44 56
6 7 8 18 35 47 57 58 61 62
53
18
47
13 30
31 70
84
72
29
6
93
6 7 8
79
23 35 48
22
45
56
20 22 26
53
36
89
1 20 23 27 47 48 66 93
38
57 58 61 62
23
56
27
5
8 20 27 32 37 47 51 60 64
30 47 48 50
47
60 64
14 15 16 20 28 30 36 44 48 50 56 74
20
38
20
14 15 16 20 28 30 36 44 48 50 56 74
17 27 28 38 71 72
20 37
13
6
27
14 16 36
28 74
8 27 28 32 51 60 64 71 74
8 27 32 51 60 64
26 30 33
6
11 12
33
23 47
25
68
40 42
53
13 20 22 26 27 30 33 36 56 78
74
78
78
72
23
68 78
13
47
18
29 35 56 90
12 16 18 23 26 35 38 44 49 52 57 58 61 62 70 75 76 78 82 87 88 89 97
19 78
2
26
45
23
33
67
2
38 40 42
38
22 60 64
7 8
2
47
9 94
18 28 38 49 57
13
60 64
72 82
24
33 44 65
34
10 47 90
10
14
90
6
5 90
87
56
2
24
22
11 12 26 33 44 65 77
2 5 6 7 8 9 10 11 12 13 14 15 18 22 24 26 33 34 38 44 47 56 57 60 64 65 72 77 82 87 90 94
15
47
68
45
21
10
14 16
20
94
71 82 86 88 97
15 71 82 86 88 97
15 55
15
88
10 14 15 16 20 21 22 54 55 58 62 66 68 71 73 78 82 86 87 88 94 97
87
73
68 78
78
22 58 62 73
58 62
22
11 12
18
6
23
1
53
15 24 44 48 49 50 56 78
53
41 43
9 18 38
22
44
37 72 84
13
13
15 51
84
95
79
90
67
18 34 70
23 57 76
5 9 18 34 38
3 8
8
38
6 13 24 47 66 67
35
50 60 64
48
29 35 56 90
50
21
49 56
6 7 8
59 63 87
67
5
11 12 68
87
47
69
6
28 76
40 42
6 9 38 50 52 59 63
25
10 45 51
53
84
35 60 64
78
44
76
39 42 75 76 82
24 34 75
12 24 34 75
4
44
71
70 71
52 53 56
44 67
65
3
34
34
16
3 15 20 73 84
45
20 23
15
69
77
45
14 16
49
47
15
13
13 15 79
8
82 88
39 42 59 60 63 64
78
54
4
7 8 36
12 16 18 23 26 35 38 44 49 52 57 58 61 62 70 75 76 78 82 87 88 89 97
94
17
38
66
53
57 58 61 62
76
31
68 73 94
72
1 3 15 30 38 40 43 44 69 70 84
38
30
1 3 15 44 70
3
70
1
84
9 10 11
60 64 66 84
60 64
78
6 7 52 78
52
12 15 59 60 63 64
30 33 70 73 84
29 34
3 67 74
18
22
9
6 7 8
18 21
2
71
68
55
29
75
49
24 33 36 52
36 52
67
14 16 21 35 61 65 78 97
61 65
35 78 97
9 26 33 69
53
68
68 73
4
2 22 30 33 44 45 51 68 70 71 73 84 94
66
9
79
73
1 6 7 8 17 27 31 36 38 40 42 51 53 54 71 75 76 94
4 9
35
36
40 43
52 53
69
86 87
87
26 51 78
1
18
94
14 16 27
28
19 21 33
3 48 88
1 4
14 16 27 34
66
13 28
94
26
2
22
59 63
13
94
2
52
36
7 8 20 40 43 70
19 29 35
68
48
67
7 8
48 66
20 38
2
90
76
45
1
73
2
1 13 14 16 19 22 25 27 29 33 34 35 47 50 51 56 67 80
13 47
4 36 69 73 75 76 97
77
4 69
20
20 93
10 77
12
4 10 12 20 22 26 36 45 49 51 66 69 73 75 76 77 86 88 93 95 97
49
22
26 45
86 88 95
33 51 60 64
1 80
4
3 15 19 29 35 39 41
22 59 63
59 63
26 37
25
7 8 53
7 8
45
9
65
54 55
50
9 12 19
59 63
19 29 35
22 33 67
54 55
14 16 54
38
48
44
13 16 31
13 31
50
59 63
14 16
33
46
13 22 74
34
37
52
19
15 18 20 22 25 33 56
13
93
2
69
6
22
5
6 7 30 36 47 73 75 76 97
33 47 77
3
20 23
23
19 29 35
71
30
15
48
17
6 7 8 17 18 21 46 54 71
6 7 8
7 8 18
21
18
46 71
84
40 42
57 58 61 62 80
14 16
76
45
52
18
26
15 33 45
71
17
13
6
1
49 50 61 65
72
12 65
56 68 70 89
22 33 67 77
13 30 39 42
12 34 52 65 67 77 84
34 67
11 12
45
31
59 63
48
1 6 7 8 11 12 13 14 15 16 17 18 21 26 30 31 33 34 39 40 42 45 46 48 49 50 52 54 56 57 58 59 61 62 63 65 66 67 68 70 71 72 76 77 80 84 89
66
57
9
60 64 78
20
1 3 6 7 11 12 15 20 33 51 60 64 67 73 84
37 45 56 79 82 86 87 88
13 93
72
52
59 63 87
12 23
38 53 94
72
71
16
45
4 11 12 26 71
26
1 2 3
52
52
12 23
20 33
2 4 11 12 26 71
2
2
78
75
82
37
1 2 3 66
18 21 88
1
2 18
1 2 3
32
20
76
69
27
1 2 3 4 18 20 21 27 32 66 69 76 88
88
66
58 62
11 12
19
89
21 27 57 74
1
71
59 63
48
49 50
73
3 18 23 69 76
44
69
14 16 33
10
3 14 16
20 48
51
39 42 69
84
1 3 7 8 10 14 16 19 20 29 30 31 33 35 37 38 39 42 44 48 51 56 66 69 72 78 79 80 84
3
69
19 29 31 35 39 42 69 78
80
56
1
20
3
37
7 8
30
20 37 44
1 20 23 27 47 48 66 93
79
72
31
38
30
52
3 9
65
75
60 64
76
15 67 84
25 28 31 52
59 63
28 45
60 64
18 52 57 58 61 62
15
25
12
12 15 18 21 25 28 57 58 61 62
28
15
26
24
84
23 72 94
94
34
53
75 94
18
46
60 64
27 70 72 73 80
70 72 73 80
27
18 23 27 34 36 45 46 53 60 64 70 72 73 75 80 94
18
1 12 18 31 35 48 49 50 56 57 58 61 62 69 79 84 86 87 91
51
45
75 79 88
45 60 64 77
70
6 7
38 66 78
52
56 57 58 61 62
14 16 29 31
6 7 46
6 7
21 39 42 46 49 50 69 84
21
20 30 58 62 86
20 58 62 86
86
20 58 62
30
23
23
75 77
33 73 79
59 63
22
57 58 61 62
70
54
71
23
12 22 23 30 54 57 58 59 61 62 63 70 71 73 75 77
15
26
1 2 3 13 15 18 22 23 24 31 34 37 39 42 48 49 50 51 52 56 58 62 66 68 76 79 84 87 96
3
66
66
15
15 39 42 76
37 58 62
39 42
22 67
22 56
84
49 50
34 48 51
18
52
24
18
18 24 31 48
79
13 23
68
2
96
18
68
69
84
22 25
33
68
67
10 37 87
78
79 86 87 91
33
33
36
37
59 63
71
19
10
23
44
16
25
47
3 25 39 41 44 84
25 44 84
18 34
25 44 84
10 74
79
10 15 41 43 74 79
41 43
70
30 51 56 67 72
7 8 52
52
70
57 58 61 62
18
18 33
30 33
53
2
54 55
45
7 8 23 28 51 57 58 61 62 80
21 25 26
25 26 44
1 10 14 16 20 28 30 31 36 94
52
1 10 14 15 16 20 21 25 26 28 30 31 36 44 52 75 80 94
1 20 28 31 36 94
10 14 16
15 18 26 51 75
54 76
30 56
2
51
4 12
4
51
36 40 43 61 65 66 84
3 37 79 88 90
20
7 8
18 26
79
54
2 53 56 58 62 73 78 84
49
60 64 89
57 58 61 62
82 88 89 97
17 60 64 67 73 89
36
73
44
86
67
3 7 8 14 16 21 23 25 30 44 45 51 56 70 72 73 87
45
51
24
22
34
20
20
6
20
30
68
30 57 58 61 62 68
36 40 43 53 61 65 66 84
53 57 58 61 62 69
17
28
53 58 62 84
30 80 84
47
53
33
8
39 42
17
73
68
32
67
34
2 47 53 71 96
53
71
87
15
40 42
70
57
24
66
22
84
48
14 16
75
14 16
17
67
82 86 88
69
16 22 24 32 67 69
8 15 16 20 24 74
20
15
86 95
20
17
36
6
76
31
5 49
3
3 59 63
6 7 21 28 36 60 64 67 76
2 38
36
14 16
24
12
86
21
17
59 63
18
4 86
13
57 58 61 62
35 66
90
28 79
3 4 13 16 17 18 19 28 35 38 47 48 50 51 53 54 55 56 57 58 59 61 62 63 66 69 77 79 86 87 90 100
16
16 48 50 51 77
9 10 45 66 77
87 100
19
53
47
35
3 54 55
1 2 9 11 12 13 17 18 26 27 28 31 36 38 45 49 50 51 52 53 56 60 64 66 67 69 77 79 84 86 87 89 91 94 95
45 59 63 66 79 84
13 15
87
11 12
27 31
10 45 61 65 78
9
9 10 21 45 61 65 78
3 15 20 57 58 62 72
26
15 19 33 48
35
13
31
4 14 16 17 37 50 56
11 12
3
21 76 79
9 36 45 50
2 5 11 12 18 27 33 34 45 70
45
11 12
2 11 12 18 70
5
27
34
26 33 58 62
72
12 35 78
12 33 35 78
47
15
18
11 12 48 49
20
1 2 3 4 5 6 7 8 9 10 11 12 18 21 22 23 26 28 33 34 36 37 38 39 40 42 43 46 47 49 50 51 55 56 57 59 63 68 69 70 71 72 73 79 82 84 86 87 88 90 96 100
52
66
51
6 7 13 15 16 24 46 48 50 59 63 70 75 84
3 6 7 24 27 40 43 74
15 59 63
50
46
24 75
48
84
13 16 48 50 70
8 23 57 73 77
26
32
6
49
91 96
67
15
26 60 64 77
44
1 2 67 87
26
38
13
24
3 16 41 43 90 93
76
77 93
71
52
8 18 77 88
84