16


50 96
11 12
75

3 18 86 87 95
16 89
4 23 96


14 74
36
7 8

48 66 49
28 29 31
22


19 29 35 47
14
77

54 79
44 79
79 97


74 97
68
25

79 84
47 79
89


9 47
18 87
38
40 42
14 60 64 95
23 30
67


67 84
84 97
68

8 17 16 77 40 42 90
32 84 86 87 89 95 97
9
49 50

32 49 50
19 29 35
30

14 49 16
11 37 12
84


23 25
33
3

47 49 50
27 34 35
37
37

12 28
53 59 60 63 64 94
22 51 94

54 69 56
6 66 24 37 84 86 87
47 61 65


2 71 25 47 69 76 80
2
45

24 44
25 40 43
31


37 59 63
28
8 23 30 48

21 77
23 57 58 61 62
22


22 79 33
67
69

11 49 12 50
2 23 46
76


13 45
27 71
12

1 12 30
1 45 21 40 42 56 77
27 40 43


7 60 8 64 14 16 60 64
71
57

47 49 50 51
13 76 71
25


1 61 65
44 89
10

6 34 7
2 57
69


22 47 33
97
56

6 16 52
15 48
74


45 67
44
80

26 68
38 67
34


20 28
2
70

10 73
10 15
22 47


22 69
2
57

45 48
1 2 84 3
9 56


6 35
38 56
47

7 46 8 49 50
1 24
15 67


14 27 16 30
66
45

37 47 57 58 61 62
14 50 16
75


68 73
31
27

44 45 77
4 13
26


10 23 68
80
84

34
22 69
9


9 51
31
82 86 88

11 33 12 56
45 67
6 7 8


19 82 29 35
45
11 12

3 51
33 49 50
40 43

15
59 89 63
19
17

20 87
2 28 5 22 74
52


40 51 42 67
15
67

14 23 16 22 47 56
3 66 19 29 35
34


20 65 24
28
36

14 35 22 26 36
17 57
13

67
28 60 64
68
14 16 20 23 33

4 9
58 68 62
25 87


26 50 49 50
87
74

3 10
15 53
22 59 63


14 38 16 56 23 33 93
58 62
67

53 77
22 71
48


16 69
47
2

67 84
6 57 7 58 61 62
44


10 53
59 63
97

1 56
1 22
22 24


2 54 55 56
34 58 62
22

6 57 7 58 61 62
26 57
9


6 65 7
59 63
1

40 45 42
58 59 62 63
80


14 33 23 47
1
69
22
6 23 59 60 63 64
14 68 16
50


37 76
3
44

13 14
35 88
70


15 44
87
27

66 76
33 67
66


11 44 12
68
14 16 29 45 76

1 56 2 3
84 96
71


6 51 7
74
7 8

6 20
6 21
38 97


21 36
66
13

50 67 78
2 69 41 43 76
44


48 69
19
19 21

17 68
35 76 47
75


46 84
66
17 27 31 36 40 42 51

24 49 50
38 67
33


39 84 41 73
44
9

14 67 16
22 35
38


27 66
19 84
66
26
45 49 50
23 75 80
27


10 65 44
29 37
13 39 42 75

40 87 42
46 54 61 65
3


30 49 32 50
22
33

47 58 62
54 86 55 87 95
59 63


36 54
68
25

76 77
70 71
33
1
71
50 70
22 34 56
78

66 67
37 40 42
31


35 65 36
90
6

40 51 43
14 40 37 43 88
41 43 80


44 79
90
40 43

28 30
23 28 51 56 70
25


21 70 26
6 7 8
72

18 47
13 31 30 70
84


48 79
22
56

23 89
38 57 58 61 62
23


47 60 64
15 44 56
38

13 20 37
6 27
14 16 36


11 33 12
23 47
68

74 78
72 78
23


19 35
2
45

2
38 40 42
22 60 64


13 60 64
72 82
33 44 65

14 90
5 6
87


11 15 12 77
47
45

14 20 16
71 94 82 86 88 97
15


68 73
78
58 62

6 23
1 53
48 49 50


13 37 72 84
13
84

18 67 34 70
23 34 57 76
3


29 48 56
50
49 56

5 11 12 68
51 87 74 78
47


10 25 45 51
53
35 60 64

24 39 34 42 75 76 82
4 12
44


3 34
34
3 15 20 73 84

22 69 78
45 77
14 16


8 82 88
39 42 59 60 63 64
54

17 94
38 66
53


38 40 43 69
30
3

9 66 10 84 11
60 78 64
6 7 78


18 22
9
6 7 8

55 68
29 75
49


9 35 26 78 33 97 69
53
73

9 79
27 73
9


86 87 87
26 51 78
18

3 33
1 34 4
66


13 59 63
94
52

48 68
7 67 8
66


1 73
2
13

20 93
10 12
51 66


4 80
3 15 19 29 35 39 41
59 63

7 45 8
9 65
54 55


14 54 16 55 54
38
44

14 59 16 63
33 46
13 22 74


13 93
2
6

3 33 47
20 23
19 29 35


6 54 7 8
7 8
18

14 57 16 58 61 62 80
45 76
52


6 13
1
72

13 52 30 39 42
11 34 12 67
45


9 57
60 64 78
6 7 11 12

52 59 63 87
12 38 23 53 94
72


1 52 2 3
52
20 33
2
75 78
37 82
66


20 32
76
27

11 58 12 62
19 89
21 27 57 74


3 73
44
14 16 33

39 51 42 69
10 84
3


3 20
37
30

31 72
30 38
52


15 25 28 67 31 84
59 63
60 64

12 21
15 28
26


53 75 94
18
60 64

18 36 45
35 51
45


35 52 59 63 75 78 79
56 57 58 61 62
46
21
30 86
20 86 58 62
30


22 57 58 61 62
70
71

1 26 2 3 87
3 66
66


56 84
49 50
18

31 79 48
13 68 23
2


22 33 25
68
10 37 87

33 36
37 59 63
71


25 47
3 39 41
18

15 41 43
70 72
7 8


30 53 33
2
45
25 26
30 52
1 80 20 28 31 36 94
10 14 16


4 12
51
3 37 79 88 90

54 79
49 58 62
60 64 89


44 86
67
45

20 34
6 20
20


17 28
84
47

17 39 42
68 73
32


15 87
40 42
57

48 84
14 75 16
14 16


8 20 24 74
15
20

31 76
3 5 49
59 63


12 86
21
59 63

57 66 58 61 62
28 90 79
48 50


47 53
35
17 28 38 56 69

11 87 12
10 27 31 45 61 65 78
9


13 31
4 17 37 50 56
3

11 45 12
2 5 11 12 18 70
27

12
15 47
18
20

16 51
6 15 7 59 63
50


8 26 23 57 73 77
32
49

44 60 64 77
1 26 2 67 87
38


52 71
77
