16


50 96
11 12
75

3 86 87 95 18
89 16
4 23 96


14 74
36
7 8

66 48 49
29 28 31
22


19 29 35 47
14
77

79 54
79 44
79 97


97 74
68
25

79 84
79 47
89


9 47
18 87
38
40 42
60 64 14 95
23 30
67


67 84
84 97
68

8 16 40 42 90 17 77
84 86 87 89 95 97 32
9
49 50

49 50 32
19 29 35
30

14 16 49
37 11 12
84


23 25
33
3

49 50 47
34 35 27
37
37

12 28
53 59 60 63 64 94
22 51 94

69 54 56
66 6 24 37 84 86 87
47 61 65


71 2 25 47 69 76 80
2
45

44 24
25 40 43
31


59 63 37
28
8 23 30 48

21 77
23 57 58 61 62
22


22 33 79
67
69

49 50 11 12
23 46 2
76


13 45
27 71
12

12 1 30
1 21 40 42 56 77 45
27 40 43


7 8 14 16 60 64
71
57

49 50 51 47
13 71 76
25


1 61 65
44 89
10

34 6 7
2 57
69


47 22 33
97
56

6 52 16
15 48
74


45 67
44
80

26 68
67 38
34


28 20
2
70

10 73
10 15
22 47


69 22
2
57

45 48
1 84 2 3
9 56


6 35
38 56
47

7 8 49 50 46
24 1
15 67


14 16 30 27
66
45

37 57 58 61 62 47
50 14 16
75


73 68
31
27

45 77 44
13 4
26


10 68 23
80
84

34
69 22
9


51 9
31
82 86 88

11 12 33 56
45 67
6 7 8


82 19 29 35
45
11 12

3 51
33 49 50
40 43

15
89 59 63
19
17

20 87
2 5 22 74 28
52


40 42 67 51
15
67

23 14 16 22 47 56
3 19 29 35 66
34


20 24 65
28
36

35 14 22 26 36
17 57
13

67
60 64 28
68
14 16 20 23 33

9 4
58 62 68
25 87


50 26 49
87
74

3 10
53 15
22 59 63


14 16 23 33 93 38 56
58 62
67

77 53
71 22
48


16 69
47
2

67 84
57 58 61 62 6 7
44


53 10
59 63
97

1 56
1 22
22 24


2 54 55 56
34 58 62
22

6 7 57 58 61 62
26 57
9


65 6 7
59 63
1

40 42 45
58 62 59 63
80


14 23 33 47
1
69
22
6 23 59 60 63 64
68 14 16
50


76 37
3
44

14 13
88 35
70


15 44
87
27

76 66
33 67
66


11 12 44
68
14 16 29 45 76

56 1 2 3
96 84
71


51 6 7
74
7 8

6 20
6 21
38 97


21 36
66
13

50 78 67
2 41 43 76 69
44


69 48
19
19 21

17 68
76 35 47
75


84 46
66
17 27 31 36 40 42 51

49 50 24
67 38
33


84 39 41 73
44
9

67 14 16
35 22
38


66 27
19 84
66
26
49 50 45
23 75 80
27


10 44 65
29 37
13 39 42 75

87 40 42
54 46 61 65
3


30 32 49 50
22
33

58 62 47
54 55 86 87 95
59 63


36 54
68
25

77 76
70 71
33
1
71
70 50
22 34 56
78

66 67
37 40 42
31


35 36 65
90
6

40 43 51
14 37 88 40 43
41 43 80


79 44
90
40 43

28 30
28 23 51 56 70
25


21 26 70
6 7 8
72

47 18
31 70 13 30
84


48 79
22
56

23 89
57 58 61 62 38
23


60 64 47
15 44 56
38

13 20 37
27 6
14 16 36


33 11 12
23 47
68

78 74
72 78
23


19 35
2
45

2
38 40 42
22 60 64


60 64 13
72 82
33 44 65

90 14
5 6
87


15 11 12 77
47
45

20 14 16
71 82 86 88 97 94
15


68 73
78
58 62

23 6
53 1
48 49 50


13 37 72 84
13
84

18 34 70 67
34 23 57 76
3


29 56 48
50
49 56

11 12 68 5
51 74 78 87
47


10 45 51 25
53
35 60 64

24 34 75 39 42 76 82
4 12
44


34 3
34
3 15 20 73 84

22 78 69
45 77
14 16


82 88 8
39 42 59 60 63 64
54

17 94
66 38
53


38 40 43 69
30
3

66 84 9 10 11
78 60 64
6 7 78


22 18
9
6 7 8

55 68
75 29
49


9 26 33 69 35 78 97
53
73

79 9
27 73
9


87 86
26 51 78
18

3 33
34 1 4
66


13 59 63
94
52

48 68
7 8 67
66


73 1
2
13

20 93
12 10
51 66


4 80
3 15 19 29 35 39 41
59 63

45 7 8
65 9
54 55


14 16 54 55
38
44

14 16 59 63
46 33
13 22 74


93 13
2
6

3 33 47
23 20
19 29 35


6 7 8 54
7 8
18

14 16 57 58 61 62 80
45 76
52


6 13
1
72

52 13 30 39 42
11 12 34 67
45


9 57
60 64 78
6 7 11 12

59 63 87 52
38 53 94 12 23
72


52 1 2 3
52
20 33
2
75 78
37 82
66


20 32
76
27

11 12 58 62
89 19
21 27 57 74


3 73
44
14 16 33

39 42 69 51
10 84
3


3 20
37
30

31 72
30 38
52


25 28 31 15 67 84
59 63
60 64

21 12
15 28
26


75 94 53
18
60 64

18 36 45
51 35
45


52 35 59 63 75 78 79
56 57 58 61 62
46
21
86 30
20 58 62 86
30


57 58 61 62 22
70
71

1 2 3 87 26
66 3
66


84 56
49 50
18

79 31 48
68 13 23
2


33 22 25
68
10 37 87

36 33
59 63 37
71


47 25
3 39 41
18

41 43 15
72 70
7 8


53 30 33
2
45
25 26
52 30
1 20 28 31 36 94 80
10 14 16


4 12
51
3 37 79 88 90

54 79
49 58 62
60 64 89


86 44
67
45

20 34
6 20
20


28 17
84
47

17 39 42
68 73
32


15 87
40 42
57

48 84
75 14 16
14 16


20 8 24 74
15
20

31 76
3 5 49
59 63


86 12
21
59 63

66 57 58 61 62
28 79 90
48 50


47 53
35
17 28 38 56 69

11 12 87
10 45 61 65 78 27 31
9


31 13
4 17 37 50 56
3

11 12 45
5 2 11 12 18 70
27

12
15 47
18
20

16 51
15 59 63 6 7
50


26 8 23 57 73 77
32
49

44 60 64 77
26 1 2 67 87
38


52 71
77
